# File generated by CMD 2.8 (http://stev.oapd.inaf.it/cmd) on Thu Oct 13 23:00:14 CEST 2016
# PARSEC isochrones, release v1.2S
# Basic references: Bressan et al. (2012), MNRAS, 427, 127 + Chen et al. (2014, 2015), MNRAS, 444, 2525 + MNRAS, 452, 1068 + Tang et al. (2014), MNRAS, 445, 4287
# Warning: you choose not to include the TP-AGB phase!
# Photometric system: HST/ACS WFC
# Using NBC version of bolometric corrections as in Chen et al. (2014), MNRAS, 444, 2525
# BCs of Carbon stars derive from Aringer et al. (2009, A&A 503, 913)
# O-rich circumstellar dust ignored
# C-rich circumstellar dust ignored
# IMF: Chabrier (2001) lognormal 
# On RGB, assumed Reimers mass loss with efficiency eta=0.2
# Kind of output: isochrone tables
#	Isochrone  Z = 0.00690	Y = 0.26094	[M/H] = -0.342	eta_R = 0.200	Age = 	1.3000e+10 yr
#      Z	log(age/yr)	M_ini   	M_act	logL/Lo	logTe	logG	mbol    F435W   F475W   F502N   F550M   F555W   F606W   F625W   F658N   F660N   F775W   F814W   F850LP	int_IMF	stage
	0.006900	10.1139	0.09000000	0.0900	-3.3549	3.3927	5.2701	13.157	20.968	19.660	20.276	18.558	18.854	17.732	17.422	16.345	16.408	14.034	13.495	12.564	1.46765435	1
	0.006900	10.1139	0.10000000	0.1000	-3.1507	3.4225	5.2308	12.647	19.204	18.101	18.601	16.959	17.276	16.312	15.991	14.991	15.053	13.145	12.707	11.919	1.57040203	1
	0.006900	10.1139	0.12000000	0.1200	-2.8869	3.4545	5.1739	11.987	17.336	16.422	16.852	15.267	15.600	14.791	14.468	13.537	13.599	12.124	11.781	11.130	1.74782515	1
	0.006900	10.1139	0.12052901	0.1205	-2.8816	3.4550	5.1728	11.974	17.303	16.392	16.819	15.236	15.569	14.763	14.440	13.511	13.573	12.105	11.764	11.115	1.75208366	1
	0.006900	10.1139	0.14000000	0.1400	-2.7016	3.4741	5.1342	11.524	16.227	15.402	15.762	14.231	14.571	13.840	13.513	12.658	12.720	11.480	11.186	10.611	1.89584959	1
	0.006900	10.1139	0.16000000	0.1600	-2.5579	3.4875	5.1021	11.165	15.464	14.688	14.978	13.511	13.850	13.163	12.832	12.044	12.107	11.012	10.750	10.222	2.02115250	1
	0.006900	10.1139	0.20000000	0.2000	-2.3340	3.5056	5.0474	10.605	14.439	13.722	13.929	12.553	12.885	12.248	11.914	11.213	11.277	10.337	10.109	9.637	2.22178221	1
	0.006900	10.1139	0.25000000	0.2500	-2.1200	3.5202	4.9888	10.070	13.581	12.901	13.035	11.752	12.072	11.463	11.128	10.498	10.563	9.727	9.523	9.090	2.40809011	1
	0.006900	10.1139	0.30000001	0.3000	-1.9552	3.5303	4.9435	9.658	12.981	12.325	12.434	11.196	11.508	10.917	10.583	9.989	10.055	9.274	9.083	8.673	2.54750419	1
	0.006900	10.1139	0.37429103	0.3743	-1.7398	3.5444	4.8806	9.120	12.209	11.584	11.660	10.481	10.782	10.211	9.877	9.334	9.401	8.688	8.514	8.133	2.69951439	1
	0.006900	10.1139	0.42429104	0.4243	-1.5819	3.5571	4.8281	8.725	11.624	11.021	11.063	9.941	10.232	9.675	9.341	8.843	8.911	8.256	8.096	7.741	2.77693224	1
	0.006900	10.1139	0.47429103	0.4743	-1.4096	3.5740	4.7715	8.294	10.966	10.386	10.376	9.335	9.613	9.070	8.736	8.294	8.365	7.782	7.641	7.319	2.84021449	1
	0.006900	10.1139	0.52429104	0.5242	-1.2178	3.5963	4.7127	7.815	10.215	9.666	9.612	8.662	8.924	8.405	8.075	7.689	7.763	7.261	7.141	6.857	2.89292240	1
	0.006900	10.1139	0.57429105	0.5742	-1.0164	3.6251	4.6658	7.311	9.365	8.870	8.803	7.945	8.188	7.714	7.399	7.058	7.135	6.724	6.624	6.379	2.93724942	1
	0.006900	10.1139	0.62429106	0.6242	-0.8168	3.6589	4.6377	6.812	8.404	7.977	7.895	7.188	7.398	7.003	6.722	6.424	6.500	6.190	6.111	5.912	2.97503805	1
	0.006900	10.1139	0.64076728	0.6406	-0.7507	3.6700	4.6273	6.647	8.102	7.691	7.592	6.949	7.145	6.779	6.513	6.227	6.300	6.015	5.942	5.755	2.98629904	1
	0.006900	10.1139	0.67429101	0.6741	-0.6193	3.6919	4.6057	6.318	7.544	7.161	7.027	6.505	6.673	6.358	6.120	5.853	5.922	5.673	5.609	5.443	3.00756741	1
	0.006900	10.1139	0.68295747	0.6828	-0.5853	3.6971	4.5982	6.233	7.410	7.034	6.893	6.397	6.559	6.255	6.024	5.761	5.829	5.587	5.525	5.364	3.01273608	1
	0.006900	10.1139	0.69569772	0.6955	-0.5351	3.7048	4.5864	6.108	7.217	6.852	6.702	6.242	6.394	6.105	5.884	5.626	5.692	5.461	5.402	5.248	3.02010751	1
	0.006900	10.1139	0.70784503	0.7076	-0.4869	3.7119	4.5744	5.987	7.036	6.682	6.526	6.096	6.241	5.964	5.751	5.499	5.564	5.342	5.285	5.138	3.02689624	1
	0.006900	10.1139	0.71941334	0.7191	-0.4408	3.7186	4.5621	5.872	6.868	6.525	6.364	5.959	6.097	5.832	5.626	5.379	5.442	5.229	5.175	5.033	3.03315473	1
	0.006900	10.1139	0.72429103	0.7240	-0.4212	3.7214	4.5567	5.823	6.798	6.459	6.297	5.902	6.037	5.777	5.574	5.329	5.391	5.181	5.128	4.988	3.03573537	1
	0.006900	10.1139	0.72518116	0.7249	-0.4176	3.7219	4.5555	5.814	6.786	6.448	6.285	5.892	6.026	5.767	5.564	5.320	5.382	5.172	5.119	4.980	3.03620267	1
	0.006900	10.1139	0.73539072	0.7351	-0.3760	3.7274	4.5417	5.710	6.643	6.313	6.149	5.774	5.903	5.652	5.454	5.214	5.274	5.071	5.020	4.885	3.04148412	1
	0.006900	10.1139	0.74498451	0.7447	-0.3364	3.7323	4.5278	5.611	6.508	6.187	6.022	5.662	5.787	5.543	5.351	5.115	5.174	4.976	4.926	4.796	3.04631925	1
	0.006900	10.1139	0.75807142	0.7577	-0.2817	3.7389	4.5070	5.474	6.326	6.016	5.851	5.510	5.630	5.396	5.209	4.978	5.036	4.845	4.797	4.673	3.05272341	1
	0.006900	10.1139	0.77103263	0.7706	-0.2263	3.7452	4.4840	5.336	6.147	5.849	5.686	5.360	5.474	5.249	5.068	4.842	4.898	4.714	4.668	4.548	3.05885816	1
	0.006900	10.1139	0.77429104	0.7739	-0.2121	3.7467	4.4777	5.300	6.102	5.806	5.643	5.322	5.435	5.211	5.032	4.807	4.862	4.680	4.634	4.516	3.06036901	1
	0.006900	10.1139	0.78083342	0.7804	-0.1833	3.7495	4.4636	5.228	6.013	5.721	5.560	5.245	5.356	5.136	4.959	4.736	4.791	4.611	4.566	4.450	3.06336594	1
	0.006900	10.1139	0.78974867	0.7893	-0.1430	3.7531	4.4427	5.127	5.891	5.606	5.446	5.139	5.247	5.031	4.857	4.637	4.691	4.515	4.471	4.357	3.06737208	1
	0.006900	10.1139	0.79834253	0.7978	-0.1029	3.7565	4.4207	5.027	5.771	5.493	5.334	5.034	5.140	4.928	4.757	4.539	4.593	4.419	4.376	4.265	3.07115126	1
	0.006900	10.1139	0.80649245	0.8060	-0.0636	3.7595	4.3979	4.929	5.655	5.382	5.225	4.931	5.035	4.827	4.658	4.443	4.496	4.325	4.283	4.174	3.07465959	1
	0.006900	10.1139	0.81768966	0.8171	-0.0076	3.7632	4.3628	4.789	5.494	5.228	5.073	4.786	4.888	4.684	4.519	4.307	4.358	4.191	4.150	4.044	3.07936263	1
	0.006900	10.1139	0.82429105	0.8236	0.0259	3.7652	4.3405	4.705	5.398	5.136	4.982	4.700	4.801	4.599	4.435	4.225	4.276	4.111	4.070	3.966	3.08207417	1
	0.006900	10.1139	0.82452041	0.8239	0.0271	3.7652	4.3397	4.702	5.395	5.133	4.979	4.697	4.797	4.596	4.433	4.222	4.273	4.108	4.068	3.963	3.08216763	1
	0.006900	10.1139	0.83294141	0.8322	0.0711	3.7670	4.3072	4.592	5.274	5.016	4.863	4.584	4.684	4.485	4.323	4.114	4.164	4.001	3.962	3.858	3.08556056	1
	0.006900	10.1139	0.84034705	0.8396	0.1124	3.7683	4.2749	4.489	5.162	4.907	4.755	4.479	4.578	4.381	4.220	4.012	4.062	3.900	3.861	3.759	3.08848691	1
	0.006900	10.1139	0.84173125	0.8410	0.1204	3.7685	4.2685	4.469	5.141	4.886	4.735	4.459	4.558	4.361	4.200	3.993	4.043	3.881	3.842	3.740	3.08902812	1
	0.006900	10.1139	0.85008651	0.8493	0.1706	3.7690	4.2243	4.343	5.012	4.758	4.607	4.333	4.431	4.235	4.075	3.868	3.918	3.757	3.718	3.616	3.09225607	1
	0.006900	10.1139	0.85902119	0.8581	0.2285	3.7677	4.1658	4.199	4.872	4.617	4.466	4.191	4.289	4.092	3.931	3.724	3.774	3.612	3.572	3.470	3.09563661	1
	0.006900	10.1139	0.86291426	0.8620	0.2550	3.7664	4.1360	4.132	4.812	4.555	4.403	4.126	4.225	4.027	3.865	3.657	3.707	3.544	3.504	3.400	3.09708714	2
	0.006900	10.1139	0.86635655	0.8653	0.2798	3.7642	4.1041	4.071	4.761	4.501	4.348	4.067	4.167	3.967	3.804	3.593	3.645	3.479	3.439	3.334	3.09835863	2
	0.006900	10.1139	0.87217706	0.8711	0.3222	3.7570	4.0360	3.965	4.694	4.421	4.265	3.972	4.075	3.868	3.700	3.483	3.537	3.365	3.322	3.211	3.10048509	2
	0.006900	10.1139	0.87429106	0.8731	0.3365	3.7517	4.0014	3.929	4.689	4.407	4.247	3.945	4.052	3.838	3.666	3.445	3.500	3.323	3.279	3.164	3.10125017	2
	0.006900	10.1139	0.87567526	0.8745	0.3458	3.7481	3.9784	3.905	4.686	4.398	4.237	3.928	4.037	3.819	3.644	3.421	3.476	3.295	3.250	3.133	3.10174918	2
	0.006900	10.1139	0.87796265	0.8768	0.3594	3.7380	3.9254	3.872	4.715	4.409	4.244	3.914	4.029	3.800	3.617	3.386	3.444	3.252	3.204	3.078	3.10257030	2
	0.006900	10.1139	0.87990052	0.8787	0.3756	3.7264	3.8639	3.831	4.752	4.426	4.259	3.901	4.024	3.780	3.588	3.349	3.409	3.205	3.153	3.018	3.10326242	2
	0.006900	10.1139	0.88136148	0.8801	0.4018	3.7176	3.8031	3.765	4.748	4.409	4.240	3.861	3.990	3.734	3.535	3.289	3.351	3.137	3.082	2.939	3.10378218	2
	0.006900	10.1139	0.88252544	0.8812	0.4379	3.7119	3.7446	3.675	4.700	4.351	4.182	3.788	3.921	3.658	3.454	3.204	3.267	3.046	2.989	2.841	3.10419488	2
	0.006900	10.1139	0.88311422	0.8818	0.4607	3.7095	3.7126	3.618	4.661	4.308	4.139	3.739	3.874	3.607	3.401	3.150	3.213	2.989	2.931	2.781	3.10440326	3
	0.006900	10.1139	0.88376337	0.8824	0.4908	3.7073	3.6743	3.543	4.602	4.246	4.077	3.671	3.808	3.538	3.330	3.078	3.142	2.914	2.856	2.704	3.10463285	3
	0.006900	10.1139	0.88471097	0.8833	0.5406	3.7048	3.6149	3.419	4.497	4.136	3.967	3.556	3.694	3.421	3.211	2.957	3.021	2.791	2.731	2.577	3.10496712	3
	0.006900	10.1139	0.88557690	0.8842	0.5923	3.7030	3.5562	3.289	4.382	4.018	3.848	3.433	3.572	3.297	3.086	2.831	2.895	2.662	2.602	2.446	3.10527182	3
	0.006900	10.1139	0.88621509	0.8848	0.6340	3.7018	3.5099	3.185	4.286	3.920	3.750	3.333	3.473	3.197	2.984	2.729	2.793	2.558	2.498	2.341	3.10549617	3
	0.006900	10.1139	0.88683408	0.8853	0.6777	3.7007	3.4622	3.076	4.186	3.818	3.646	3.228	3.368	3.091	2.878	2.622	2.686	2.450	2.389	2.231	3.10571337	3
	0.006900	10.1139	0.88742161	0.8859	0.7223	3.6996	3.4135	2.964	4.083	3.713	3.541	3.121	3.261	2.982	2.769	2.512	2.577	2.339	2.277	2.118	3.10591936	3
	0.006900	10.1139	0.88797897	0.8864	0.7679	3.6985	3.3637	2.850	3.979	3.606	3.434	3.011	3.152	2.872	2.657	2.401	2.465	2.226	2.163	2.003	3.10611439	3
	0.006900	10.1139	0.88845867	0.8868	0.8104	3.6974	3.3171	2.744	3.882	3.507	3.334	2.909	3.051	2.769	2.554	2.297	2.361	2.120	2.057	1.896	3.10628200	3
	0.006900	10.1139	0.88891011	0.8872	0.8536	3.6963	3.2696	2.636	3.784	3.407	3.233	2.806	2.948	2.665	2.449	2.191	2.256	2.013	1.949	1.787	3.10643959	3
	0.006900	10.1139	0.88930231	0.8876	0.8940	3.6952	3.2250	2.535	3.693	3.314	3.139	2.709	2.852	2.567	2.350	2.093	2.157	1.912	1.849	1.685	3.10657644	3
	0.006900	10.1139	0.88968045	0.8879	0.9360	3.6940	3.1782	2.430	3.600	3.217	3.042	2.609	2.753	2.467	2.249	1.991	2.055	1.808	1.744	1.579	3.10670829	3
	0.006900	10.1139	0.89003730	0.8882	0.9786	3.6926	3.1305	2.323	3.506	3.120	2.943	2.508	2.653	2.364	2.145	1.887	1.952	1.702	1.637	1.471	3.10683250	3
	0.006900	10.1139	0.89035034	0.8885	1.0193	3.6913	3.0846	2.222	3.417	3.028	2.850	2.412	2.557	2.267	2.047	1.788	1.853	1.601	1.536	1.368	3.10694146	3
	0.006900	10.1139	0.89064068	0.8887	1.0603	3.6899	3.0382	2.119	3.329	2.936	2.756	2.315	2.462	2.169	1.948	1.689	1.754	1.499	1.433	1.264	3.10704231	3
	0.006900	10.1139	0.89097333	0.8889	1.1112	3.6881	2.9799	1.992	3.219	2.823	2.642	2.196	2.344	2.049	1.826	1.566	1.631	1.373	1.307	1.135	3.10715795	3
	0.006900	10.1139	0.89121723	0.8891	1.1520	3.6865	2.9330	1.890	3.132	2.732	2.551	2.101	2.250	1.952	1.728	1.468	1.532	1.272	1.205	1.032	3.10724258	3
	0.006900	10.1139	0.89150345	0.8893	1.2043	3.6845	2.8726	1.759	3.021	2.617	2.434	1.980	2.130	1.829	1.603	1.341	1.407	1.143	1.075	0.900	3.10734200	3
	0.006900	10.1139	0.89175671	0.8894	1.2552	3.6823	2.8130	1.632	2.914	2.505	2.322	1.862	2.014	1.710	1.482	1.219	1.284	1.017	0.948	0.771	3.10742974	3
	0.006900	10.1139	0.89197975	0.8895	1.3042	3.6802	2.7555	1.509	2.812	2.398	2.214	1.749	1.902	1.595	1.365	1.101	1.167	0.896	0.827	0.648	3.10750723	3
	0.006900	10.1139	0.89219075	0.8896	1.3550	3.6778	2.6955	1.383	2.708	2.290	2.105	1.634	1.788	1.477	1.246	0.981	1.046	0.772	0.701	0.520	3.10758018	3
	0.006900	10.1139	0.89237189	0.8897	1.4023	3.6756	2.6393	1.264	2.613	2.190	2.004	1.526	1.683	1.368	1.135	0.868	0.934	0.656	0.585	0.401	3.10764289	3
	0.006900	10.1139	0.89254194	0.8897	1.4502	3.6732	2.5820	1.145	2.516	2.088	1.901	1.418	1.577	1.258	1.022	0.755	0.821	0.539	0.466	0.280	3.10770178	3
	0.006900	10.1139	0.89270025	0.8897	1.4974	3.6709	2.5252	1.026	2.422	1.989	1.801	1.312	1.472	1.150	0.912	0.643	0.709	0.424	0.350	0.161	3.10775661	3
	0.006900	10.1139	0.89285392	0.8896	1.5431	3.6685	2.4700	0.912	2.335	1.896	1.706	1.210	1.372	1.045	0.805	0.535	0.601	0.312	0.237	0.046	3.10780978	3
	0.006900	10.1139	0.89307213	0.8895	1.5871	3.6664	2.4174	0.802	2.253	1.806	1.615	1.111	1.276	0.945	0.702	0.430	0.497	0.204	0.128	-0.066	3.10788512	3
	0.006900	10.1139	0.89326406	0.8894	1.5384	3.6698	2.4801	0.924	2.332	1.895	1.705	1.214	1.375	1.051	0.813	0.543	0.609	0.322	0.248	0.058	3.10795164	3
	0.006900	10.1139	0.89339572	0.8893	1.5906	3.6670	2.4164	0.794	2.238	1.792	1.600	1.099	1.263	0.933	0.691	0.420	0.487	0.194	0.119	-0.074	3.10799694	3
	0.006900	10.1139	0.89350539	0.8892	1.6365	3.6644	2.3602	0.679	2.155	1.702	1.507	0.998	1.165	0.830	0.585	0.312	0.379	0.082	0.005	-0.190	3.10803485	3
	0.006900	10.1139	0.89361018	0.8891	1.6833	3.6617	2.3026	0.562	2.073	1.611	1.413	0.895	1.065	0.724	0.476	0.202	0.270	-0.033	-0.111	-0.309	3.10807109	3
	0.006900	10.1139	0.89370573	0.8890	1.7293	3.6590	2.2458	0.447	1.992	1.522	1.322	0.795	0.968	0.622	0.371	0.095	0.163	-0.145	-0.224	-0.425	3.10810399	3
	0.006900	10.1139	0.89379162	0.8888	1.7740	3.6564	2.1902	0.335	1.916	1.438	1.236	0.699	0.875	0.523	0.269	-0.008	0.061	-0.253	-0.333	-0.537	3.10813379	3
	0.006900	10.1139	0.89387012	0.8886	1.8183	3.6537	2.1351	0.224	1.842	1.355	1.151	0.605	0.783	0.426	0.169	-0.110	-0.040	-0.360	-0.441	-0.649	3.10816073	3
	0.006900	10.1139	0.89394343	0.8884	1.8631	3.6509	2.0790	0.112	1.767	1.272	1.065	0.509	0.691	0.328	0.067	-0.213	-0.142	-0.468	-0.551	-0.761	3.10818601	3
	0.006900	10.1139	0.89400971	0.8881	1.9070	3.6481	2.0239	0.002	1.696	1.193	0.984	0.417	0.602	0.233	-0.030	-0.313	-0.241	-0.574	-0.658	-0.871	3.10820889	3
	0.006900	10.1139	0.89407146	0.8878	1.9512	3.6452	1.9681	-0.108	1.628	1.116	0.907	0.326	0.515	0.139	-0.128	-0.413	-0.340	-0.679	-0.765	-0.981	3.10823035	3
	0.006900	10.1139	0.89412755	0.8875	1.9943	3.6425	1.9137	-0.216	1.564	1.043	0.832	0.237	0.430	0.047	-0.224	-0.510	-0.437	-0.782	-0.870	-1.089	3.10824966	3
	0.006900	10.1139	0.89417893	0.8871	2.0374	3.6396	1.8591	-0.323	1.500	0.969	0.758	0.148	0.346	-0.045	-0.319	-0.608	-0.534	-0.886	-0.974	-1.197	3.10826731	3
	0.006900	10.1139	0.89422566	0.8867	2.0798	3.6368	1.8050	-0.430	1.441	0.901	0.690	0.064	0.266	-0.132	-0.410	-0.701	-0.627	-0.986	-1.076	-1.303	3.10828352	3
	0.006900	10.1139	0.89426863	0.8863	2.1220	3.6339	1.7510	-0.535	1.383	0.833	0.622	-0.021	0.186	-0.220	-0.502	-0.795	-0.720	-1.086	-1.178	-1.408	3.10829830	3
	0.006900	10.1139	0.89430887	0.8858	2.1648	3.6309	1.6962	-0.642	1.324	0.765	0.554	-0.105	0.106	-0.308	-0.594	-0.889	-0.814	-1.187	-1.280	-1.514	3.10831213	3
	0.006900	10.1139	0.89434493	0.8853	2.2062	3.6280	1.6431	-0.746	1.269	0.700	0.491	-0.186	0.030	-0.392	-0.681	-0.979	-0.904	-1.284	-1.379	-1.616	3.10832453	3
	0.006900	10.1139	0.89437902	0.8847	2.2483	3.6251	1.5888	-0.851	1.214	0.636	0.428	-0.267	-0.046	-0.476	-0.769	-1.069	-0.994	-1.382	-1.479	-1.720	3.10833621	3
	0.006900	10.1139	0.89440942	0.8841	2.2888	3.6221	1.5363	-0.952	1.163	0.576	0.370	-0.344	-0.118	-0.556	-0.854	-1.155	-1.081	-1.476	-1.575	-1.819	3.10834670	3
	0.006900	10.1139	0.89443803	0.8834	2.3297	3.6192	1.4832	-1.054	1.111	0.515	0.312	-0.421	-0.191	-0.637	-0.938	-1.241	-1.168	-1.571	-1.672	-1.920	3.10835671	3
	0.006900	10.1139	0.89446461	0.8827	2.3707	3.6162	1.4298	-1.157	1.062	0.457	0.258	-0.496	-0.261	-0.715	-1.019	-1.323	-1.251	-1.665	-1.767	-2.020	3.10836577	3
	0.006900	10.1139	0.89448863	0.8819	2.4105	3.6132	1.3779	-1.256	1.014	0.401	0.205	-0.568	-0.329	-0.790	-1.098	-1.403	-1.333	-1.756	-1.860	-2.116	3.10837412	3
	0.006900	10.1139	0.89451176	0.8811	2.4518	3.6102	1.3239	-1.359	0.965	0.343	0.151	-0.644	-0.399	-0.868	-1.180	-1.486	-1.418	-1.851	-1.956	-2.217	3.10838199	3
	0.006900	10.1139	0.89453202	0.8802	2.4908	3.6071	1.2723	-1.457	0.923	0.294	0.107	-0.710	-0.461	-0.936	-1.251	-1.557	-1.491	-1.939	-2.047	-2.311	3.10838914	3
	0.006900	10.1139	0.89455128	0.8792	2.5306	3.6041	1.2200	-1.557	0.879	0.242	0.061	-0.777	-0.524	-1.006	-1.324	-1.629	-1.567	-2.028	-2.139	-2.407	3.10839558	3
	0.006900	10.1139	0.89456904	0.8781	2.5698	3.6010	1.1679	-1.654	0.839	0.195	0.019	-0.842	-0.585	-1.073	-1.395	-1.700	-1.640	-2.115	-2.228	-2.502	3.10840178	3
	0.006900	10.1139	0.89458537	0.8769	2.6085	3.5980	1.1163	-1.751	0.801	0.150	-0.020	-0.903	-0.641	-1.136	-1.460	-1.763	-1.707	-2.201	-2.316	-2.594	3.10840750	3
	0.006900	10.1139	0.89460111	0.8757	2.6483	3.5949	1.0635	-1.851	0.763	0.104	-0.058	-0.965	-0.699	-1.198	-1.524	-1.825	-1.773	-2.288	-2.406	-2.689	3.10841274	3
	0.006900	10.1139	0.89461833	0.8740	2.6952	3.5909	1.0000	-1.968	0.722	0.055	-0.097	-1.034	-0.762	-1.269	-1.598	-1.896	-1.850	-2.390	-2.511	-2.801	3.10841870	3
	0.006900	10.1139	0.89463425	0.8721	2.7419	3.5870	0.9368	-2.085	0.694	0.011	-0.139	-1.097	-0.822	-1.333	-1.664	-1.957	-1.918	-2.491	-2.616	-2.913	3.10842419	3
	0.006900	10.1139	0.89464647	0.8705	2.7801	3.5838	0.8851	-2.180	0.672	-0.025	-0.173	-1.149	-0.871	-1.386	-1.718	-2.008	-1.975	-2.573	-2.702	-3.005	3.10842848	3
	0.006900	10.1139	0.89466029	0.8682	2.8267	3.5798	0.8212	-2.297	0.648	-0.066	-0.213	-1.212	-0.931	-1.452	-1.787	-2.073	-2.045	-2.673	-2.806	-3.117	3.10843325	3
	0.006900	10.1139	0.89467251	0.8658	2.8705	3.5758	0.7601	-2.406	0.633	-0.097	-0.237	-1.258	-0.973	-1.496	-1.830	-2.106	-2.088	-2.764	-2.902	-3.221	3.10843754	3
	0.006900	10.1139	0.89468414	0.8631	2.9155	3.5717	0.6973	-2.519	0.618	-0.129	-0.266	-1.309	-1.021	-1.546	-1.881	-2.148	-2.138	-2.857	-3.000	-3.329	3.10844135	3
	0.006900	10.1139	0.89469451	0.8603	2.9586	3.5676	0.6366	-2.627	0.608	-0.155	-0.285	-1.349	-1.057	-1.582	-1.916	-2.169	-2.169	-2.945	-3.093	-3.431	3.10844493	3
	0.006900	10.1139	0.89470452	0.8570	3.0027	3.5635	0.5741	-2.737	0.600	-0.179	-0.304	-1.385	-1.091	-1.611	-1.942	-2.173	-2.187	-3.034	-3.188	-3.535	3.10844851	3
	0.006900	10.1139	0.89471340	0.8535	3.0446	3.5593	0.5137	-2.842	0.596	-0.198	-0.317	-1.415	-1.120	-1.631	-1.959	-2.164	-2.192	-3.117	-3.277	-3.634	3.10845160	3
	0.006900	10.1139	0.89472175	0.8496	3.0862	3.5551	0.4533	-2.946	0.598	-0.204	-0.303	-1.419	-1.122	-1.619	-1.939	-2.120	-2.156	-3.193	-3.362	-3.732	3.10845447	3
	0.006900	10.1139	0.89472938	0.8455	3.1264	3.5509	0.3941	-3.046	0.602	-0.206	-0.283	-1.419	-1.120	-1.602	-1.914	-2.067	-2.115	-3.265	-3.443	-3.827	3.10845709	3
	0.006900	10.1139	0.89473653	0.8409	3.1665	3.5466	0.3345	-3.146	0.629	-0.183	-0.221	-1.385	-1.084	-1.549	-1.851	-1.989	-2.044	-3.325	-3.515	-3.918	3.10845947	3
	0.006900	10.1139	0.89474308	0.8359	3.2054	3.5423	0.2759	-3.243	0.662	-0.152	-0.148	-1.342	-1.039	-1.484	-1.774	-1.897	-1.959	-3.380	-3.583	-4.006	3.10846162	3
	0.006900	10.1139	0.89474946	0.8302	3.2451	3.5378	0.2154	-3.343	0.714	-0.101	-0.044	-1.275	-0.969	-1.397	-1.675	-1.798	-1.863	-3.428	-3.645	-4.092	3.10846400	3
	0.006900	10.1139	0.89475530	0.8241	3.2833	3.5335	0.1568	-3.438	0.783	-0.031	0.087	-1.186	-0.876	-1.292	-1.558	-1.698	-1.762	-3.464	-3.698	-4.171	3.10846591	3
	0.006900	10.1139	0.89476079	0.8174	3.3209	3.5292	0.0982	-3.532	0.866	0.053	0.234	-1.078	-0.766	-1.173	-1.430	-1.594	-1.653	-3.492	-3.744	-4.246	3.10846782	3
	0.006900	10.1139	0.89476693	0.8085	3.3638	3.5241	0.0304	-3.639	1.047	0.238	0.507	-0.847	-0.540	-0.973	-1.226	-1.477	-1.514	-3.488	-3.767	-4.312	3.10846996	3
	0.006900	10.1139	0.89477068	0.8022	3.3886	3.5212	-0.0096	-3.701	1.148	0.346	0.672	-0.707	-0.403	-0.851	-1.101	-1.408	-1.431	-3.482	-3.778	-4.350	3.10847116	4
	0.006900	10.1139	0.89477068	0.8024	1.6865	3.6912	2.3729	0.554	1.761	1.358	1.160	0.743	0.883	0.597	0.380	0.123	0.187	-0.067	-0.133	-0.301	3.10847116	4
	0.006900	10.1139	0.89482874	0.8024	1.6969	3.6905	2.3594	0.528	1.743	1.338	1.139	0.719	0.861	0.573	0.355	0.098	0.162	-0.093	-0.159	-0.328	3.10849118	4
	0.006900	10.1139	0.89488524	0.8023	1.7004	3.6903	2.3550	0.519	1.736	1.330	1.131	0.711	0.853	0.565	0.347	0.089	0.154	-0.102	-0.168	-0.337	3.10851073	4
	0.006900	10.1139	0.89494163	0.8022	1.7014	3.6904	2.3546	0.517	1.732	1.327	1.128	0.708	0.850	0.562	0.344	0.087	0.151	-0.105	-0.170	-0.339	3.10853004	4
	0.006900	10.1139	0.89499921	0.8022	1.7005	3.6908	2.3570	0.519	1.731	1.326	1.127	0.709	0.850	0.563	0.346	0.088	0.153	-0.103	-0.168	-0.337	3.10854983	4
	0.006900	10.1139	0.89505726	0.8021	1.6986	3.6914	2.3610	0.524	1.730	1.327	1.129	0.712	0.852	0.566	0.349	0.092	0.157	-0.098	-0.163	-0.331	3.10856986	4
	0.006900	10.1139	0.89511663	0.8020	1.6961	3.6920	2.3660	0.530	1.731	1.329	1.131	0.716	0.856	0.570	0.354	0.098	0.162	-0.092	-0.157	-0.324	3.10859036	4
	0.006900	10.1139	0.89517599	0.8020	1.6935	3.6926	2.3712	0.536	1.731	1.331	1.133	0.720	0.859	0.575	0.359	0.103	0.167	-0.085	-0.150	-0.317	3.10861063	4
	0.006900	10.1139	0.89523369	0.8019	1.6910	3.6933	2.3762	0.543	1.731	1.333	1.135	0.723	0.862	0.579	0.364	0.108	0.172	-0.079	-0.144	-0.310	3.10863066	4
	0.006900	10.1139	0.89529359	0.8018	1.6886	3.6939	2.3809	0.548	1.731	1.335	1.138	0.727	0.865	0.583	0.369	0.113	0.177	-0.074	-0.138	-0.304	3.10865116	4
	0.006900	10.1139	0.89535415	0.8018	1.6866	3.6944	2.3850	0.553	1.731	1.336	1.139	0.730	0.868	0.587	0.373	0.117	0.181	-0.069	-0.133	-0.298	3.10867190	4
	0.006900	10.1139	0.89541090	0.8017	1.6850	3.6949	2.3884	0.557	1.731	1.336	1.140	0.732	0.870	0.589	0.376	0.121	0.184	-0.065	-0.129	-0.294	3.10869145	4
	0.006900	10.1139	0.89546996	0.8016	1.6836	3.6953	2.3915	0.561	1.730	1.337	1.141	0.734	0.871	0.591	0.378	0.124	0.187	-0.061	-0.125	-0.290	3.10871172	4
	0.006900	10.1139	0.89553273	0.8016	1.6824	3.6957	2.3943	0.564	1.730	1.337	1.141	0.736	0.873	0.593	0.381	0.126	0.190	-0.058	-0.122	-0.286	3.10873342	4
	0.006900	10.1139	0.89558488	0.8015	1.6815	3.6960	2.3964	0.566	1.729	1.337	1.142	0.737	0.873	0.595	0.382	0.128	0.191	-0.056	-0.120	-0.284	3.10875130	4
	0.006900	10.1139	0.89559138	0.8015	1.6814	3.6960	2.3966	0.566	1.729	1.337	1.142	0.737	0.874	0.595	0.382	0.128	0.192	-0.056	-0.119	-0.283	3.10875344	4
	0.006900	10.1139	0.89565003	0.8015	1.6807	3.6963	2.3984	0.568	1.728	1.337	1.141	0.737	0.874	0.595	0.383	0.129	0.193	-0.054	-0.118	-0.281	3.10877371	4
	0.006900	10.1139	0.89571106	0.8014	1.6803	3.6966	2.3999	0.569	1.727	1.336	1.141	0.738	0.874	0.596	0.384	0.130	0.193	-0.053	-0.117	-0.280	3.10879469	4
	0.006900	10.1139	0.89577097	0.8013	1.6801	3.6968	2.4007	0.570	1.725	1.335	1.140	0.737	0.873	0.596	0.384	0.130	0.193	-0.053	-0.116	-0.279	3.10881519	4
	0.006900	10.1139	0.89582872	0.8013	1.6803	3.6969	2.4009	0.569	1.724	1.334	1.139	0.736	0.872	0.595	0.383	0.129	0.193	-0.053	-0.117	-0.280	3.10883498	4
	0.006900	10.1139	0.89588791	0.8012	1.6810	3.6969	2.4004	0.568	1.722	1.332	1.137	0.735	0.870	0.593	0.382	0.128	0.191	-0.055	-0.118	-0.281	3.10885549	4
	0.006900	10.1139	0.89594740	0.8012	1.6820	3.6969	2.3992	0.565	1.720	1.330	1.135	0.732	0.868	0.591	0.379	0.125	0.189	-0.058	-0.121	-0.284	3.10887575	4
	0.006900	10.1139	0.89600593	0.8011	1.6835	3.6967	2.3971	0.561	1.717	1.327	1.132	0.729	0.865	0.587	0.376	0.122	0.185	-0.061	-0.125	-0.288	3.10889602	4
	0.006900	10.1139	0.89601207	0.8011	1.6837	3.6967	2.3969	0.561	1.717	1.327	1.131	0.729	0.865	0.587	0.375	0.121	0.185	-0.062	-0.125	-0.288	3.10889816	4
	0.006900	10.1139	0.89606822	0.8010	1.6856	3.6965	2.3940	0.556	1.714	1.323	1.128	0.724	0.861	0.583	0.371	0.117	0.180	-0.067	-0.130	-0.293	3.10891724	4
	0.006900	10.1139	0.89612746	0.8010	1.6883	3.6962	2.3902	0.549	1.711	1.319	1.123	0.719	0.855	0.577	0.365	0.110	0.174	-0.073	-0.137	-0.300	3.10893774	4
	0.006900	10.1139	0.89618641	0.8009	1.6915	3.6958	2.3854	0.541	1.706	1.314	1.118	0.712	0.849	0.570	0.357	0.103	0.167	-0.081	-0.145	-0.309	3.10895801	4
	0.006900	10.1139	0.89624566	0.8009	1.6959	3.6952	2.3786	0.530	1.701	1.307	1.110	0.703	0.841	0.561	0.348	0.093	0.156	-0.092	-0.156	-0.321	3.10897827	4
	0.006900	10.1139	0.89630568	0.8008	1.7011	3.6946	2.3707	0.517	1.694	1.298	1.101	0.693	0.831	0.550	0.336	0.081	0.144	-0.105	-0.169	-0.334	3.10899878	4
	0.006900	10.1139	0.89636618	0.8007	1.7074	3.6938	2.3613	0.501	1.686	1.288	1.090	0.680	0.818	0.536	0.322	0.066	0.130	-0.121	-0.185	-0.351	3.10901952	4
	0.006900	10.1139	0.89642715	0.8006	1.7144	3.6930	2.3511	0.484	1.677	1.277	1.078	0.666	0.805	0.521	0.306	0.050	0.114	-0.138	-0.203	-0.369	3.10904050	4
	0.006900	10.1139	0.89648700	0.8006	1.7201	3.6923	2.3426	0.470	1.669	1.267	1.068	0.654	0.794	0.509	0.293	0.037	0.101	-0.152	-0.217	-0.384	3.10906100	4
	0.006900	10.1139	0.89654577	0.8005	1.7259	3.6917	2.3340	0.455	1.661	1.257	1.058	0.642	0.782	0.496	0.280	0.023	0.087	-0.167	-0.232	-0.400	3.10908127	4
	0.006900	10.1139	0.89660978	0.8004	1.7436	3.6896	2.3083	0.411	1.637	1.228	1.027	0.605	0.747	0.458	0.240	-0.018	0.047	-0.211	-0.276	-0.446	3.10910320	4
	0.006900	10.1139	0.89666879	0.8003	1.7722	3.6865	2.2670	0.340	1.599	1.181	0.978	0.547	0.692	0.398	0.176	-0.083	-0.018	-0.280	-0.348	-0.521	3.10912347	4
	0.006900	10.1139	0.89670825	0.8002	1.8101	3.6824	2.2126	0.245	1.548	1.119	0.912	0.470	0.618	0.318	0.092	-0.170	-0.104	-0.373	-0.442	-0.619	3.10913682	4
	0.006900	10.1139	0.89672744	0.8002	1.8491	3.6782	2.1570	0.147	1.496	1.055	0.845	0.392	0.544	0.236	0.006	-0.258	-0.192	-0.468	-0.538	-0.720	3.10914350	4
	0.006900	10.1139	0.89673686	0.8001	1.8886	3.6740	2.1007	0.048	1.444	0.992	0.779	0.313	0.469	0.153	-0.081	-0.348	-0.280	-0.563	-0.636	-0.821	3.10914660	4
	0.006900	10.1139	0.89674151	0.8001	1.9292	3.6698	2.0432	-0.053	1.391	0.927	0.710	0.232	0.392	0.068	-0.170	-0.439	-0.371	-0.661	-0.736	-0.926	3.10914826	4
	0.006900	10.1139	0.89674401	0.8001	1.9699	3.6657	1.9861	-0.155	1.340	0.864	0.644	0.152	0.317	-0.015	-0.258	-0.529	-0.461	-0.759	-0.835	-1.029	3.10914922	4
	0.006900	10.1139	0.89674550	0.8001	2.0105	3.6617	1.9293	-0.256	1.291	0.803	0.580	0.073	0.242	-0.098	-0.346	-0.620	-0.551	-0.856	-0.934	-1.133	3.10914969	4
	0.006900	10.1139	0.89674610	0.8001	2.0328	3.6595	1.8983	-0.312	1.264	0.769	0.545	0.029	0.201	-0.144	-0.394	-0.670	-0.600	-0.910	-0.989	-1.190	3.10914993	7
	0.006900	10.1139	0.89674610	0.8001	2.0334	3.6594	1.8975	-0.314	1.264	0.769	0.544	0.027	0.200	-0.145	-0.396	-0.672	-0.602	-0.911	-0.990	-1.191	3.10914993	7
	0.006900	10.1139	0.89674646	0.8001	2.0487	3.6579	1.8762	-0.352	1.246	0.747	0.522	-0.001	0.173	-0.175	-0.428	-0.705	-0.635	-0.947	-1.027	-1.230	3.10914993	7
	0.006900	10.1139	0.89674735	0.8001	2.0875	3.6543	1.8227	-0.449	1.200	0.690	0.464	-0.077	0.103	-0.254	-0.511	-0.791	-0.720	-1.039	-1.121	-1.328	3.10915041	7
	0.006900	10.1139	0.89674830	0.8001	2.1263	3.6506	1.7691	-0.546	1.155	0.633	0.405	-0.151	0.033	-0.332	-0.593	-0.876	-0.804	-1.131	-1.214	-1.425	3.10915065	7
	0.006900	10.1139	0.89674914	0.8001	2.1573	3.6477	1.7266	-0.623	1.120	0.589	0.360	-0.210	-0.022	-0.394	-0.659	-0.943	-0.871	-1.204	-1.289	-1.503	3.10915089	7
	0.006900	10.1139	0.89675009	0.8000	2.1832	3.6454	1.6913	-0.688	1.090	0.552	0.323	-0.259	-0.067	-0.445	-0.713	-0.999	-0.926	-1.265	-1.350	-1.567	3.10915136	7
	0.006900	10.1139	0.89675248	0.8000	2.1726	3.6464	1.7063	-0.661	1.101	0.566	0.337	-0.239	-0.049	-0.425	-0.691	-0.977	-0.904	-1.240	-1.325	-1.541	3.10915208	7
	0.006900	10.1139	0.89675403	0.8000	2.1453	3.6490	1.7438	-0.593	1.131	0.604	0.375	-0.188	-0.002	-0.371	-0.634	-0.918	-0.846	-1.176	-1.260	-1.473	3.10915256	7
	0.006900	10.1139	0.89675754	0.8000	2.1169	3.6517	1.7828	-0.522	1.164	0.644	0.417	-0.134	0.048	-0.314	-0.574	-0.856	-0.784	-1.109	-1.192	-1.401	3.10915375	7
	0.006900	10.1139	0.89677006	0.7998	2.1009	3.6531	1.8045	-0.482	1.183	0.669	0.442	-0.103	0.078	-0.281	-0.540	-0.820	-0.749	-1.071	-1.153	-1.361	3.10915804	7
	0.006900	10.1139	0.89680171	0.7995	2.1307	3.6501	1.7626	-0.557	1.150	0.627	0.399	-0.159	0.025	-0.341	-0.603	-0.886	-0.814	-1.141	-1.225	-1.436	3.10916901	7
	0.006900	10.1139	0.89682603	0.7992	2.1743	3.6459	1.7021	-0.666	1.104	0.567	0.339	-0.240	-0.049	-0.426	-0.693	-0.979	-0.906	-1.243	-1.329	-1.545	3.10917735	7
	0.006900	10.1139	0.89684838	0.7989	2.2184	3.6418	1.6413	-0.776	1.055	0.506	0.276	-0.323	-0.126	-0.513	-0.785	-1.074	-1.000	-1.346	-1.434	-1.655	3.10918498	7
	0.006900	10.1139	0.89686817	0.7985	2.2610	3.6379	1.5827	-0.883	1.009	0.448	0.219	-0.401	-0.198	-0.595	-0.873	-1.164	-1.090	-1.445	-1.535	-1.760	3.10919166	7
	0.006900	10.1139	0.89688522	0.7982	2.3033	3.6340	1.5248	-0.988	0.964	0.392	0.163	-0.478	-0.269	-0.676	-0.959	-1.254	-1.179	-1.542	-1.634	-1.864	3.10919762	7
	0.006900	10.1139	0.89689988	0.7978	2.3448	3.6302	1.4679	-1.092	0.921	0.337	0.110	-0.553	-0.339	-0.756	-1.044	-1.341	-1.266	-1.638	-1.732	-1.967	3.10920262	7
	0.006900	10.1139	0.89691269	0.7974	2.3860	3.6265	1.4115	-1.195	0.879	0.285	0.062	-0.626	-0.405	-0.832	-1.126	-1.424	-1.351	-1.732	-1.828	-2.067	3.10920691	7
	0.006900	10.1139	0.89692402	0.7970	2.4269	3.6228	1.3557	-1.297	0.837	0.233	0.014	-0.698	-0.471	-0.909	-1.207	-1.508	-1.435	-1.825	-1.924	-2.167	3.10921097	7
	0.006900	10.1139	0.89693421	0.7966	2.4677	3.6191	1.2999	-1.399	0.797	0.183	-0.033	-0.768	-0.536	-0.984	-1.287	-1.589	-1.517	-1.917	-2.018	-2.266	3.10921431	7
	0.006900	10.1139	0.89694357	0.7961	2.5087	3.6153	1.2436	-1.502	0.760	0.136	-0.075	-0.836	-0.598	-1.055	-1.362	-1.666	-1.596	-2.009	-2.112	-2.365	3.10921764	7
	0.006900	10.1139	0.89695233	0.7956	2.5496	3.6116	1.1875	-1.604	0.722	0.089	-0.117	-0.904	-0.660	-1.127	-1.439	-1.745	-1.676	-2.101	-2.205	-2.463	3.10922050	7
	0.006900	10.1139	0.89696044	0.7951	2.5901	3.6079	1.1319	-1.705	0.687	0.045	-0.155	-0.968	-0.718	-1.194	-1.510	-1.817	-1.751	-2.190	-2.297	-2.561	3.10922337	7
	0.006900	10.1139	0.89696819	0.7945	2.6310	3.6041	1.0757	-1.807	0.654	0.004	-0.189	-1.030	-0.775	-1.260	-1.580	-1.886	-1.823	-2.279	-2.389	-2.658	3.10922599	7
	0.006900	10.1139	0.89697558	0.7938	2.6712	3.6004	1.0203	-1.908	0.621	-0.037	-0.223	-1.092	-0.830	-1.324	-1.649	-1.956	-1.896	-2.367	-2.480	-2.754	3.10922861	7
	0.006900	10.1139	0.89698273	0.7930	2.7125	3.5966	0.9634	-2.011	0.597	-0.074	-0.254	-1.148	-0.882	-1.384	-1.712	-2.017	-1.962	-2.456	-2.572	-2.852	3.10923100	7
	0.006900	10.1139	0.89698911	0.7922	2.7533	3.5928	0.9069	-2.113	0.578	-0.108	-0.286	-1.204	-0.933	-1.444	-1.775	-2.079	-2.029	-2.543	-2.663	-2.950	3.10923314	7
	0.006900	10.1139	0.89699501	0.7913	2.7965	3.5887	0.8467	-2.221	0.561	-0.142	-0.317	-1.260	-0.985	-1.504	-1.838	-2.142	-2.096	-2.636	-2.758	-3.053	3.10923529	7
	0.006900	10.1139	0.89699948	0.7905	2.8418	3.5843	0.7831	-2.335	0.547	-0.173	-0.345	-1.314	-1.035	-1.560	-1.897	-2.196	-2.157	-2.731	-2.858	-3.160	3.10923672	7
	0.006900	10.1139	0.89700264	0.7899	2.8849	3.5799	0.7224	-2.442	0.535	-0.202	-0.371	-1.366	-1.082	-1.617	-1.956	-2.254	-2.220	-2.821	-2.952	-3.262	3.10923767	7
	0.006900	10.1139	0.89700532	0.7892	2.9270	3.5757	0.6629	-2.547	0.529	-0.225	-0.388	-1.406	-1.119	-1.655	-1.995	-2.281	-2.257	-2.906	-3.043	-3.362	3.10923862	7
	0.006900	10.1139	0.89700782	0.7884	2.9700	3.5711	0.6013	-2.655	0.525	-0.246	-0.404	-1.448	-1.157	-1.696	-2.037	-2.313	-2.299	-2.993	-3.135	-3.463	3.10923958	7
	0.006900	10.1139	0.89701009	0.7876	3.0112	3.5667	0.5420	-2.758	0.526	-0.261	-0.412	-1.476	-1.183	-1.718	-2.057	-2.313	-2.312	-3.075	-3.222	-3.560	3.10924029	7
	0.006900	10.1139	0.89701235	0.7867	3.0531	3.5621	0.4810	-2.863	0.526	-0.274	-0.416	-1.500	-1.204	-1.732	-2.066	-2.295	-2.310	-3.157	-3.311	-3.658	3.10924101	7
	0.006900	10.1139	0.89701462	0.7856	3.0935	3.5576	0.4220	-2.964	0.529	-0.279	-0.400	-1.506	-1.208	-1.722	-2.050	-2.253	-2.281	-3.231	-3.393	-3.754	3.10924196	7
	0.006900	10.1139	0.89701688	0.7843	3.1303	3.5533	0.3676	-3.056	0.541	-0.272	-0.370	-1.495	-1.196	-1.694	-2.014	-2.188	-2.227	-3.294	-3.465	-3.840	3.10924268	7
	0.006900	10.1139	0.89701807	0.7835	3.1493	3.5510	0.3385	-3.103	0.553	-0.263	-0.349	-1.484	-1.185	-1.673	-1.988	-2.145	-2.192	-3.325	-3.502	-3.885	3.10924315	7
	0.006900	10.1139	0.89701825	0.7834	3.1372	3.5523	0.3561	-3.073	0.549	-0.265	-0.358	-1.487	-1.188	-1.682	-2.000	-2.167	-2.209	-3.304	-3.478	-3.856	3.10924315	7
	0.006900	10.1139	0.89701849	0.7833	3.1607	3.5496	0.3215	-3.132	0.561	-0.257	-0.333	-1.476	-1.176	-1.659	-1.971	-2.120	-2.169	-3.343	-3.523	-3.911	3.10924315	7
	0.006900	10.1139	0.89701861	0.7832	3.1771	3.5477	0.2976	-3.173	0.576	-0.242	-0.300	-1.456	-1.155	-1.630	-1.937	-2.080	-2.133	-3.366	-3.551	-3.948	3.10924315	7
	0.006900	10.1139	0.89701873	0.7830	3.1898	3.5463	0.2791	-3.204	0.589	-0.230	-0.273	-1.440	-1.138	-1.606	-1.909	-2.047	-2.102	-3.383	-3.573	-3.976	3.10924339	7
	0.006900	10.1139	0.89701897	0.7829	3.2245	3.5418	0.2266	-3.291	0.635	-0.186	-0.184	-1.382	-1.078	-1.523	-1.813	-1.933	-1.997	-3.426	-3.630	-4.053	3.10924339	7
	0.006900	10.1139	0.89701915	0.7826	3.2616	3.5370	0.1701	-3.384	0.710	-0.110	-0.048	-1.286	-0.979	-1.406	-1.683	-1.807	-1.873	-3.460	-3.680	-4.131	3.10924339	7
	0.006900	10.1139	0.89701951	0.7823	3.2988	3.5321	0.1130	-3.477	0.800	-0.017	0.116	-1.169	-0.858	-1.269	-1.532	-1.674	-1.737	-3.485	-3.724	-4.205	3.10924363	7
	0.006900	10.1139	0.89701986	0.7817	3.3373	3.5269	0.0533	-3.573	0.958	0.145	0.363	-0.968	-0.658	-1.077	-1.332	-1.534	-1.583	-3.484	-3.748	-4.269	3.10924363	7
	0.006900	10.1139	0.89702046	0.7809	3.3647	3.5232	0.0108	-3.642	1.098	0.289	0.574	-0.789	-0.482	-0.919	-1.172	-1.438	-1.471	-3.470	-3.754	-4.307	3.10924387	7
	0.006900	10.1139	0.89702046	0.7809	3.3647	3.5232	0.0108	-3.642	1.098	0.289	0.574	-0.789	-0.482	-0.920	-1.172	-1.438	-1.471	-3.471	-3.755	-4.307	3.10924387	8
